pop1<-list(species='Cancer magister',
           latitude=48.3,longitude=-123.1,
           startyr=1980,endyr=1985,
           pop=c(303,402,101,607,802,35))

silwood1<-list(surname='Reuman',name='Dan',
               office='N1.15')

pop1$startyr<-1981
pop1$endyr<-1986
pop1

pop1[[1]]
pop1[[3]]

