temp.F<-c(50.5,60,62.5,33)
temp.C<-(5/9)*(temp.F-32)
temp.C
